              precision    recall  f1-score   support

           0     0.9980    0.9980    0.9980       980
           1     0.9956    0.9974    0.9965      1135
           2     0.9903    0.9942    0.9923      1032
           3     0.9931    0.9970    0.9951      1010
           4     0.9919    0.9949    0.9934       982
           5     0.9944    0.9933    0.9938       892
           6     0.9979    0.9906    0.9942       958
           7     0.9932    0.9893    0.9912      1028
           8     0.9918    0.9959    0.9939       974
           9     0.9940    0.9891    0.9916      1009

    accuracy                         0.9940     10000
   macro avg     0.9940    0.9940    0.9940     10000
weighted avg     0.9940    0.9940    0.9940     10000
